100,5390,2695,29744,2207917,632
200,19316,9658,106437,8216875,192
300,43820,21910,241309,19475417,248
400,78012,39006,429465,40390750,248
500,126514,63257,696326,71725667,248
600,177162,88581,974990,110626375,248
700,250946,125473,1380902,166962209,248
800,315490,157745,1735994,215295083,248
900,399046,199523,2195652,280966042,248
1000,493282,246641,2714050,356825875,248
1100,595092,297546,3274105,439451167,248
1200,733946,366973,4037902,548556916,248
1300,864592,432296,4756555,654941083,248
1400,990074,495037,5446806,750499792,248
1500,1133468,566734,6235573,877429041,248
1600,1328626,664313,7309042,1040010791,248
1700,1433738,716869,7887258,1223322500,248
1800,1600522,800261,8804670,1351743833,248
1900,1782426,891213,9805242,1585334708,248
2000,1996464,998232,10982551,1712849875,248
2100,2162468,1081234,11895673,1863944458,248
2200,2407608,1203804,13244043,2088999000,248
2300,2650938,1325469,14582458,2291678375,248
2400,2927694,1463847,16104716,2531736666,248
2500,3118296,1559148,17153127,2612709834,248
2600,3428296,1714148,18858227,2786853542,248
2700,3573816,1786908,19658687,2891226000,248
2800,3934504,1967252,21642571,3218669375,248
2900,4223870,2111935,23234184,3440475042,248
3000,4525796,2262898,24894877,3964374792,248
3100,4816482,2408241,26493750,3876504042,248
3200,5062724,2531362,27848181,4090502000,248
3300,5516982,2758491,30346700,4491678167,248
3400,5843960,2921980,32145179,5092803541,248
3500,6106462,3053231,33589040,5053445792,248
3600,6538816,3269408,35967087,5374929083,248
3700,6839112,3419556,37618815,5492719583,248
3800,7256038,3628019,39912008,6136749834,248
3900,7661060,3830530,42139729,6668491708,248
4000,8042220,4021110,44236209,7200913625,248
4100,8434364,4217182,46393101,7124799750,248
4200,8795018,4397509,48376798,7267051250,248
4300,9151606,4575803,50338132,7765044333,248
4400,9700654,4850327,53357996,8187098500,248
4500,10248632,5124316,56371975,8910299084,248
4600,10641842,5320921,58534730,9237980042,248
4700,11026088,5513044,60648183,9365777417,248
4800,11638882,5819441,64018650,10239402917,248
4900,11846182,5923091,65158900,9403485208,248
5000,12522894,6261447,68880916,10619207916,248
5100,13141102,6570551,72281160,11902635208,248
5200,13770936,6885468,75745347,11870814708,248
5300,13876972,6938486,76328645,11995858792,248
5400,14661208,7330604,80642043,12570499041,248
5500,14886490,7443245,81881194,12530833917,248
5600,15523372,7761686,85384145,13596031959,248
5700,16279744,8139872,89544291,13595031000,248
5800,16870714,8435357,92794726,14543810917,248
5900,17436874,8718437,95908706,15120860209,248
6000,17917530,8958765,98552414,15914660375,248
6100,18849960,9424980,103680879,17174051292,248
6200,19104494,9552247,105080916,16948498333,248
6300,19865062,9932531,109264140,17785253000,248
6400,20190138,10095069,111052158,17105260833,248
6500,20908524,10454262,115003381,17497408791,248
6600,21638596,10819298,119018877,19403582667,248
6700,22341830,11170915,122886764,19983843625,248
6800,23274874,11637437,128018606,20382078500,248
6800,22808056,11404028,125451107,19209148417,688
6900,23791246,11895623,130858752,20990159792,248
7000,24557928,12278964,135075603,20858719208,248
7100,25242964,12621482,138843401,22392227916,248
7200,25573554,12786777,140661746,22240047708,248
7300,26514906,13257453,145839282,23089300833,248
7400,27761870,13880935,152697684,24434468125,248
7500,28137682,14068841,154764750,24455361125,248
7600,28636700,14318350,157509449,24770031542,248
7700,29419032,14709516,161812375,25147545167,248
7800,30307310,15153655,166698004,27362072917,248
7900,31252932,15626466,171899025,26612519750,248
8000,32102274,16051137,176570506,28514428709,248
8100,32873196,16436598,180810677,29130476041,248
8200,33674328,16837164,185217003,29457996625,248
8300,34500628,17250314,189761753,28574356041,248
8400,35570984,17785492,195648811,27087802708,248
8500,36230798,18115399,199277888,27129804583,248
8600,36905772,18452886,202990345,26997931042,248
8700,37872224,18936112,208305931,28001776292,248
8800,38679788,19339894,212747633,28901620917,248
8900,39651218,19825609,218090598,28609605916,248
9000,40492428,20246214,222717353,29142618667,248
9100,41332156,20666078,227335957,29716459791,248
9200,42223600,21111800,232238999,30152198416,248
9300,43549400,21774700,239530999,31366607875,248
9400,44141776,22070888,242789167,31533763375,248
9500,45312708,22656354,249229393,32607271000,248
9600,45861690,22930845,252248894,33000664167,248
9700,46959090,23479545,258284694,33784108000,248
9800,48241742,24120871,265339380,34750411000,248
9900,49231776,24615888,270784667,35869661334,248
